get_tweets function took 96093.885 ms
get_terms_appearances function took 117028.759 ms
Total number of terms are 8672920
Counting terms in k tweets
get_terms_in_k_tweets function took 1210.982 ms
Total number of k tweets are 6994
Sorting tweet terms by appearances.
1417641714.18
1417641722.54
== with all terms ==
Constructing index of terms for 14707531 tweets
construct_term_indexes function took 209004.217 ms
speedy_algorithm function took 15499468.896 ms
[2673819, 6331603, 13151476, 9512750, 26125, 4695925, 7853898, 7505395, 101054, 4071608, 2008378, 2677612, 7864670, 50236, 6258951, 14177844, 13457380, 1871606, 5934739, 9282434, 11821120, 448021, 10331027, 89320, 2903784, 13500814, 2600210, 1264804, 8524268, 175039, 6909857, 7478835, 2086274, 114408, 7435641, 12082225, 639666, 5948836, 13170937, 2494282, 12017792, 12121489, 496530, 13014317, 998778, 4270269, 8979913, 4221660, 6034318, 10937886, 1912990, 9431789, 14342826, 10046655, 3618537, 1587885, 6600029, 1283287, 1987534, 7870560, 815399, 1490160, 10666379, 963897, 1340244, 7137252, 410059, 2223849, 207650, 6249677, 9891766, 3067069, 1927510, 417458, 180526, 1538568, 5382181, 741132, 8876734, 155975, 3142623, 11981689, 4938786, 66632, 10475566, 2307853, 278504, 4719399, 4036283, 2237505, 2664565, 3407, 11240339, 453231, 11248590, 6795461, 4617747, 11019735, 681082, 876070, 2951400, 7136071, 13234479, 1017358, 10016950, 8575692, 13370435, 12802637, 7566872, 9707814, 6407200, 9284920, 11407151, 14441512, 13051215, 6957561, 773325, 4023916, 964664, 10713550, 14126401, 64827, 940145, 39483, 10843908, 12862467, 11063755, 131079, 2729810, 10559383, 3001176, 12274118, 409382, 12301755, 127883, 10910105, 12812353, 12032450, 13166951, 3231383, 14620762, 12300402, 5683951, 9317619, 5931967, 911985, 8481418, 4283164, 53506, 13507528, 6781352, 1657518, 11287438, 159120, 5854377, 8718233, 7092371, 1729537, 5926837, 46518, 1560271, 3383127, 10649997, 10678271, 7873990, 3549536, 9938850, 5783667, 13646082, 1145086, 3216549, 12588437, 3189002, 4424549, 642934, 1045098, 11245559, 4496898, 1693735, 2285210, 4280917, 2431124, 3000974, 6272545, 9138893, 1846612, 108842, 8691982, 3937582, 7567429, 10414492, 13645051, 1991392, 4619092, 12756346, 13749567, 5691795, 9247259, 391975, 1331669, 2080258, 14025951, 6739186, 6291592, 445797, 7536703, 3159136, 2050207, 3095174, 9532707, 12649773, 4843752, 8133049, 6834744, 2207222, 3097593, 1643351, 255091, 2525045, 10339192, 4158877, 3403726, 11048449, 6365241, 7153832, 6030183, 924182, 8073332, 3032862, 945594, 7865940, 7858112, 7765219, 5270854, 7888019, 4785696, 13377776, 2110821, 10931403, 1335702, 11395619, 7993438, 107488, 7355629, 691620, 13323732, 1706253, 55103, 851370, 13623963, 8938770, 4207525, 6507301, 3848731, 13165480, 13915866, 5061569, 786964, 4805621, 12491221, 8553019, 13808400, 12697284, 664, 11414528, 1942477, 13181251, 6608618, 11248040, 5221688, 5531302, 11273201, 378466, 5949929, 2118634, 10869898, 4665369, 9103363, 9247235, 275870, 3537001, 2463765, 1971996, 1165145, 2814379, 10662649, 2413613, 3050442, 7347857, 461831, 3205661, 6595946, 3912083, 1981205, 938645, 11627799, 9962150, 1587409, 12268, 1656301, 11993522, 9542527, 11120145, 9973841, 10866814, 6311672, 14513094, 1700824, 3298050, 6800061, 3608625, 12792365, 11179173, 988042, 2740555, 683519, 11196978, 164546, 3035926, 10291936, 7064440, 9656982, 10978366, 10499623, 11549347, 2730558, 586939, 10242635, 3274026, 1153385, 385174, 12310548, 6912181, 713583, 14199446, 273190, 14466756, 1115783, 21445, 7997037, 7096935, 9043328, 5471321, 69247, 1605562, 7788079, 14242905, 788287, 6461139, 13593690, 6164800, 6920110, 4130634, 2412846, 6861991, 5317925, 8586892, 141454, 4202742, 2135366, 4541564, 58509, 860051, 12379803, 9252520, 4729915, 8142448, 4495077, 11633323, 12833044, 138114, 3172310, 1423288, 7604175, 5319821, 2028551, 2258349, 316449, 2030748, 13759483, 1223310, 2716143, 1090618, 12098381, 11830, 13099086, 11305936, 6433916, 3887851, 3280052, 14211, 13267401, 11647311, 10927429, 11323084, 4367905, 1228709, 2509378, 117264, 9964035, 3767, 8051282, 13451248, 8975991, 10455451, 10988208, 13411616, 3089928, 2702126, 8230579, 12288107, 5210862, 2628892, 4587244, 5460067, 992187, 3751507, 8403738, 1416091, 4449722, 9551630, 5456594, 537821, 5953318, 5722286, 14181653, 10182425, 6439679, 1312167, 2455302, 10415928, 13333020, 9367261, 9466074, 5098382, 2415368, 6385219, 6212536, 6903814, 14337346, 14219674, 7119759, 93141, 11620398, 8751340, 13967907, 1394151, 8140809, 12022348, 13662954, 956012, 1646814, 2197296, 5113971, 6685111, 11078715, 11501929, 1863683, 183028, 11164306, 9646346, 12596465, 8398810, 12465074, 28202, 175428, 11427713, 5522224, 10096664, 9091313, 7512528, 14372142, 9721835, 2942105, 10662431, 977321, 28978, 6931261, 14706423, 9438261, 3865892, 5816715, 463290, 11124128, 6091853, 14029802, 1439902, 9439086, 7131741, 7925477, 8133, 10863786, 8446567, 4205761, 1262646, 13072518, 691194, 3825609, 1945643, 7943234, 4709670, 8012612, 6001694, 3861536, 474117, 2749470, 2444994, 7486975, 10157334, 1510159, 8164637, 13703439, 3076850, 4216253, 1679, 1391669, 10798143, 6457673, 12972134, 3393624, 11526612, 5909935, 4182359, 1989, 8558756, 6149924, 4884754, 13352343, 1654867, 209335, 8515621, 6095309, 6073390, 9039727, 10737021, 11168747, 2421765, 1180987, 8223, 6523431, 12514898, 8944081, 15640, 4033585, 163844, 1856658, 5175617, 235843, 6571190, 4545566, 1970416, 735038, 11142928, 10746033, 775525, 7255870, 10565953, 948132, 6935427, 5790383, 4519726, 1710673, 10608048, 4560717, 8636127, 10504161, 13227892, 8034241, 2526877, 271637, 2571156, 10221750, 1709986, 9437945, 4889366, 6552667, 128615, 1551824, 10754459, 7926903, 420049, 4120810, 12551161, 8136278, 2019121, 14236299, 2031337, 1477577, 37675, 2999352, 9054685, 5051875, 1664807, 5614843, 4981226, 7132155, 14554386, 4629291, 11260457, 1680884, 9719581, 1643611, 6576826, 941071, 6828271, 3397010, 14032, 4170454, 21685, 5646609, 512381, 3065671, 14247253, 1254852, 195902, 5333, 13384519, 6896608, 10844036, 2823007, 5787751, 1556540, 14065307, 4892781, 298889, 873237, 3580032, 12867683, 3756742, 2100602, 9736941, 9984762, 6570275, 10396948, 47353, 3941342, 3766292, 6814567, 12507799, 8855905, 7470709, 7110483, 3624119, 9231365, 317460, 14402362, 368559, 8616591, 1870164, 1901001, 10582415, 12555713, 2013696, 7798497, 12805253, 775783, 1014700, 821072, 11831196, 7822576, 8145840, 9645658, 13684783, 6181441, 14566733, 5483515, 8604663, 1599248, 6130144, 8751939, 8320705, 11269694, 684520, 264117, 14167413, 5408988, 3182761, 10949556, 6640362, 4198250, 7678664, 1387728, 7138742, 12231322, 2628390, 8434792, 1633481, 4837933, 13758595, 5949314, 4439945, 6106027, 391761, 2096924, 73048, 8306428, 10280981, 1728591, 4499632, 10818509, 4232336, 896317, 835166, 1382157, 135972, 2237856, 11053795, 7124598, 263643, 2052231, 12837498, 3839088, 490914, 7568779, 12932455, 3109749, 4201891, 9590684, 4466740, 11312437, 4910236, 1936666, 1251934, 239997, 12917701, 6049509, 2494369, 9101218, 1067159, 4017271, 3703023, 8124181, 931641, 553669, 661083, 2555379, 1389118, 5740746, 6878501, 10029029, 9842023, 452572, 1517156, 9744324, 4770286, 4946900, 251025, 75451, 1311544, 1989945, 159714, 573372, 4382303, 7740865, 13557955, 2646565, 2158355, 8786970, 183451, 1339358, 1743823, 1429255, 13678523, 1133972, 10509681, 407045, 1601654, 1628469, 5259142, 1968335, 8933771, 762195, 418004, 1068704, 30781, 7689167, 3505330, 1945063, 9022831, 6387158, 5153052, 379379, 11024529, 12675628, 5280389, 433941, 4157561, 206794, 6321018, 10717756, 11245309, 1345090, 2090265, 11175913, 5664833, 13569790, 6574033, 516835, 7189428, 5981, 97274, 3381589, 1059998, 13949336, 9135058, 8133, 13444776, 2542937, 8343988, 8462863, 9937567, 7082591, 5438658, 2122031, 648120, 9870206, 2076541, 10867155, 57533, 4673458, 5043330, 1574556, 1210683, 4559833, 10913383, 11641650, 99673, 848427, 226502, 2071326, 9308891, 82047, 9096391, 9125673, 8132770, 2240949, 8317505, 7447052, 3464224, 1395667, 6253431, 8676882, 3889933, 7815203, 10058010, 63561, 3116649, 1981707, 6865283, 11233833, 9686248, 1063102, 8616034, 5096579, 6034824, 4274923, 12023101, 2874395, 14148280, 12418391, 3721651, 7871735, 11937406, 1618552, 12987220, 182470, 2057437, 3513613, 13109525, 101910, 2445205, 13620822, 5775692, 2834037, 3039786, 4767550, 14410741, 5267961, 2608177, 3780620, 12645039, 4195392, 2815336, 2006357, 238026, 10524420, 896783, 5508773, 55673, 66632, 10431299, 3301555, 6545766, 8620744, 2514411, 1643243, 4490455, 13293667, 10588837, 13481, 6146786, 210302, 4717482, 11225233, 6614706, 13917449, 4284961, 2863917, 4292272, 9003600, 729512, 13940160, 4651202, 39595, 1357110, 5982360, 11553558, 335333, 10203338, 12944762, 3205378, 440370, 14622385, 10167925, 7405045, 11479704, 12207333, 4275731, 4341501, 5938295, 8434961, 4495839, 6043929, 6434747, 4495674, 10104309, 2785920, 7906203, 6989581, 1368337, 3113239, 12056328, 9731816, 10970633, 21603, 8610185, 2054176, 6527929, 8311942, 5303016, 12470183, 34216, 2431533, 268658, 743623, 2160921, 5260642, 13783947, 14543755, 891732, 33715, 4309446, 5497563, 4274421, 12796199, 3019738, 10310646, 2510192, 4957508, 9936794, 4195667, 1783135, 8997196, 3668996, 2328024, 4425709, 11318712, 5687909, 10806585, 18905, 11508261, 8281097, 4677396, 2524872, 107610, 3524453, 7828012, 11597070, 304339, 11738928, 334773, 8228808, 868396, 11730661, 516798, 3761030, 6437239, 1586594, 10185644, 15082]
== d-frequent ==
j=0, d=100
1417657222.01
1417657222.01
filter_terms function took 23.808 ms
filter_terms function took 38180.009 ms
Constructing index of terms for 14118035 tweets
construct_term_indexes function took 44623.879 ms
speedy_algorithm function took 10880840.164 ms
j=2, d=400
1417668141.06
1417668141.06
filter_terms function took 2.526 ms
filter_terms function took 50742.148 ms
Constructing index of terms for 14367382 tweets
construct_term_indexes function took 50105.223 ms

